1.	10 numbers in almost sorted order
1	2	3	4	5	6	8	7	9	10
 
2.	10 numbers in a random order
3	9	23	15	68	23	5	58	36	43

3.	10 numbers in reverse order
29	28	27	26	26	24	23	23	22	21

4.	50 numbers in almost sorted order
1	2	3	4	5	6	7	8	33	10 
11	12	36	14	15	16	17	18	19	20
21	22	23	24	25	46	27	28	29	30
31	32	9	34	35	36	37	38	39	40
41	42	43	44	45	46	48	47	49	50

5.	50 numbers in random orader
46	30	1	22	36	27	2	26	50	5
33	21	16	8	12	42	47	9	13	48
29	35	43	10	3	6	38	28	20	15
4	31	39	40	32	49	31	18	14	23
34	37	25	7	24	35	41	17	43	19

6.	50 numbers in reverse order
50	49	48	47	45	45	44	43	42	41
40	39	38	37	36	35	34	33	32	31
30	29	28	27	26	25	24	23	22	21
20	19	18	17	16	15	14	13	12	11
10	9	8	7	6	5	4	3	2	1

7.	100 numbers in almost sorted order
1	2	3	4	5	6	7	8	9	10
11	12	13	14	15	16	17	18	19	20
21	22	23	24	25	27	26	28	29	30
31	32	33	34	35	36	37	40	38	39
41	42	43	44	45	46	47	48	49	50
51	52	53	54	55	56	57	58	59	60
61	62	99	64	65	66	67	68	69	70
71	72	73	74	75	76	77	78	79	80
81	82	83	84	85	86	12	88	89	90
91	92	93	94	95	96	97	98	63	100

8.	100 numbers in random order
90	44	9	72	61	60	92	81	5	100
3	8	36	28	37	88	80	91	55	21
1	97	82	19	99	26	75	49	79	16
14	6	47	42	10	34	94	29	12	30
85	77	40	22	84	24	17	56	27	67
23	15	46	32	4	52	54	41	68	11
43	96	86	57	31	94	65	74	13	62
76	69	58	39	33	78	98	25	66	83
51	20	73	50	74	87	93	7	18	53
38	64	35	48	59	63	45	2	71	70

9.	100 numbers in reverse order
100	99	98	97	96	95	94	93	92	91
90	89	88	87	86	85	84	83	82	81
80	79	78	77	76	75	74	73	72	71
70	69	68	67	66	65	64	63	62	61
60	59	58	57	56	55	54	53	52	51
50	49	48	47	46	45	44	43	42	41
40	39	38	37	36	35	34	33	32	31
30	29	28	27	26	25	24	23	22	21
20	19	18	17	16	15	14	13	12	11
10	9	8	7	6	5	4	3	2	1
